Vi = 3.26
R = 1.08
Ki = 0.2123
Kv = 0.2123
L = 1.98*10^(-6)
B = 0
In = 0


